--------------------
Cycle:1	256	ADD R1, R0, R0

Registers
R00:	0	0	0	0	0	0	0	0
R08:	0	0	0	0	0	0	0	0
R16:	0	0	0	0	0	0	0	0
R24:	0	0	0	0	0	0	0	0

Data
340:	-1	-2	-3	1	2	4	-4	10
372:	7	9	1	0	-1	1	-1	0
404:	0	0	0	0	0	0	0	0

--------------------
Cycle:2	260	ADDI R2, R0, #3

Registers
R00:	0	0	3	0	0	0	0	0
R08:	0	0	0	0	0	0	0	0
R16:	0	0	0	0	0	0	0	0
R24:	0	0	0	0	0	0	0	0

Data
340:	-1	-2	-3	1	2	4	-4	10
372:	7	9	1	0	-1	1	-1	0
404:	0	0	0	0	0	0	0	0

--------------------
Cycle:3	264	BEQ R1, R2, #68

Registers
R00:	0	0	3	0	0	0	0	0
R08:	0	0	0	0	0	0	0	0
R16:	0	0	0	0	0	0	0	0
R24:	0	0	0	0	0	0	0	0

Data
340:	-1	-2	-3	1	2	4	-4	10
372:	7	9	1	0	-1	1	-1	0
404:	0	0	0	0	0	0	0	0

--------------------
Cycle:4	268	SLL R16, R1, #2

Registers
R00:	0	0	3	0	0	0	0	0
R08:	0	0	0	0	0	0	0	0
R16:	0	0	0	0	0	0	0	0
R24:	0	0	0	0	0	0	0	0

Data
340:	-1	-2	-3	1	2	4	-4	10
372:	7	9	1	0	-1	1	-1	0
404:	0	0	0	0	0	0	0	0

--------------------
Cycle:5	272	LW R3, 340(R16)

Registers
R00:	0	0	3	-1	0	0	0	0
R08:	0	0	0	0	0	0	0	0
R16:	0	0	0	0	0	0	0	0
R24:	0	0	0	0	0	0	0	0

Data
340:	-1	-2	-3	1	2	4	-4	10
372:	7	9	1	0	-1	1	-1	0
404:	0	0	0	0	0	0	0	0

--------------------
Cycle:6	276	LW R4, 360(R16)

Registers
R00:	0	0	3	-1	4	0	0	0
R08:	0	0	0	0	0	0	0	0
R16:	0	0	0	0	0	0	0	0
R24:	0	0	0	0	0	0	0	0

Data
340:	-1	-2	-3	1	2	4	-4	10
372:	7	9	1	0	-1	1	-1	0
404:	0	0	0	0	0	0	0	0

--------------------
Cycle:7	280	LW R5, 380(R16)

Registers
R00:	0	0	3	-1	4	1	0	0
R08:	0	0	0	0	0	0	0	0
R16:	0	0	0	0	0	0	0	0
R24:	0	0	0	0	0	0	0	0

Data
340:	-1	-2	-3	1	2	4	-4	10
372:	7	9	1	0	-1	1	-1	0
404:	0	0	0	0	0	0	0	0

--------------------
Cycle:8	284	MUL R5, R3, R4

Registers
R00:	0	0	3	-1	4	-4	0	0
R08:	0	0	0	0	0	0	0	0
R16:	0	0	0	0	0	0	0	0
R24:	0	0	0	0	0	0	0	0

Data
340:	-1	-2	-3	1	2	4	-4	10
372:	7	9	1	0	-1	1	-1	0
404:	0	0	0	0	0	0	0	0

--------------------
Cycle:9	288	BEQ R5, R0, #28

Registers
R00:	0	0	3	-1	4	-4	0	0
R08:	0	0	0	0	0	0	0	0
R16:	0	0	0	0	0	0	0	0
R24:	0	0	0	0	0	0	0	0

Data
340:	-1	-2	-3	1	2	4	-4	10
372:	7	9	1	0	-1	1	-1	0
404:	0	0	0	0	0	0	0	0

--------------------
Cycle:10	292	BGTZ R5, #16

Registers
R00:	0	0	3	-1	4	-4	0	0
R08:	0	0	0	0	0	0	0	0
R16:	0	0	0	0	0	0	0	0
R24:	0	0	0	0	0	0	0	0

Data
340:	-1	-2	-3	1	2	4	-4	10
372:	7	9	1	0	-1	1	-1	0
404:	0	0	0	0	0	0	0	0

--------------------
Cycle:11	296	ADD R6, R3, R4

Registers
R00:	0	0	3	-1	4	-4	3	0
R08:	0	0	0	0	0	0	0	0
R16:	0	0	0	0	0	0	0	0
R24:	0	0	0	0	0	0	0	0

Data
340:	-1	-2	-3	1	2	4	-4	10
372:	7	9	1	0	-1	1	-1	0
404:	0	0	0	0	0	0	0	0

--------------------
Cycle:12	300	SUB R5, R6, R5

Registers
R00:	0	0	3	-1	4	7	3	0
R08:	0	0	0	0	0	0	0	0
R16:	0	0	0	0	0	0	0	0
R24:	0	0	0	0	0	0	0	0

Data
340:	-1	-2	-3	1	2	4	-4	10
372:	7	9	1	0	-1	1	-1	0
404:	0	0	0	0	0	0	0	0

--------------------
Cycle:13	304	J #324

Registers
R00:	0	0	3	-1	4	7	3	0
R08:	0	0	0	0	0	0	0	0
R16:	0	0	0	0	0	0	0	0
R24:	0	0	0	0	0	0	0	0

Data
340:	-1	-2	-3	1	2	4	-4	10
372:	7	9	1	0	-1	1	-1	0
404:	0	0	0	0	0	0	0	0

--------------------
Cycle:14	324	SW R5, 380(R16)

Registers
R00:	0	0	3	-1	4	7	3	0
R08:	0	0	0	0	0	0	0	0
R16:	0	0	0	0	0	0	0	0
R24:	0	0	0	0	0	0	0	0

Data
340:	-1	-2	-3	1	2	4	-4	10
372:	7	9	7	0	-1	1	-1	0
404:	0	0	0	0	0	0	0	0

--------------------
Cycle:15	328	ADDI R1, R1, #1

Registers
R00:	0	1	3	-1	4	7	3	0
R08:	0	0	0	0	0	0	0	0
R16:	0	0	0	0	0	0	0	0
R24:	0	0	0	0	0	0	0	0

Data
340:	-1	-2	-3	1	2	4	-4	10
372:	7	9	7	0	-1	1	-1	0
404:	0	0	0	0	0	0	0	0

--------------------
Cycle:16	332	J #264

Registers
R00:	0	1	3	-1	4	7	3	0
R08:	0	0	0	0	0	0	0	0
R16:	0	0	0	0	0	0	0	0
R24:	0	0	0	0	0	0	0	0

Data
340:	-1	-2	-3	1	2	4	-4	10
372:	7	9	7	0	-1	1	-1	0
404:	0	0	0	0	0	0	0	0

--------------------
Cycle:17	264	BEQ R1, R2, #68

Registers
R00:	0	1	3	-1	4	7	3	0
R08:	0	0	0	0	0	0	0	0
R16:	0	0	0	0	0	0	0	0
R24:	0	0	0	0	0	0	0	0

Data
340:	-1	-2	-3	1	2	4	-4	10
372:	7	9	7	0	-1	1	-1	0
404:	0	0	0	0	0	0	0	0

--------------------
Cycle:18	268	SLL R16, R1, #2

Registers
R00:	0	1	3	-1	4	7	3	0
R08:	0	0	0	0	0	0	0	0
R16:	4	0	0	0	0	0	0	0
R24:	0	0	0	0	0	0	0	0

Data
340:	-1	-2	-3	1	2	4	-4	10
372:	7	9	7	0	-1	1	-1	0
404:	0	0	0	0	0	0	0	0

--------------------
Cycle:19	272	LW R3, 340(R16)

Registers
R00:	0	1	3	-2	4	7	3	0
R08:	0	0	0	0	0	0	0	0
R16:	4	0	0	0	0	0	0	0
R24:	0	0	0	0	0	0	0	0

Data
340:	-1	-2	-3	1	2	4	-4	10
372:	7	9	7	0	-1	1	-1	0
404:	0	0	0	0	0	0	0	0

--------------------
Cycle:20	276	LW R4, 360(R16)

Registers
R00:	0	1	3	-2	-4	7	3	0
R08:	0	0	0	0	0	0	0	0
R16:	4	0	0	0	0	0	0	0
R24:	0	0	0	0	0	0	0	0

Data
340:	-1	-2	-3	1	2	4	-4	10
372:	7	9	7	0	-1	1	-1	0
404:	0	0	0	0	0	0	0	0

--------------------
Cycle:21	280	LW R5, 380(R16)

Registers
R00:	0	1	3	-2	-4	0	3	0
R08:	0	0	0	0	0	0	0	0
R16:	4	0	0	0	0	0	0	0
R24:	0	0	0	0	0	0	0	0

Data
340:	-1	-2	-3	1	2	4	-4	10
372:	7	9	7	0	-1	1	-1	0
404:	0	0	0	0	0	0	0	0

--------------------
Cycle:22	284	MUL R5, R3, R4

Registers
R00:	0	1	3	-2	-4	8	3	0
R08:	0	0	0	0	0	0	0	0
R16:	4	0	0	0	0	0	0	0
R24:	0	0	0	0	0	0	0	0

Data
340:	-1	-2	-3	1	2	4	-4	10
372:	7	9	7	0	-1	1	-1	0
404:	0	0	0	0	0	0	0	0

--------------------
Cycle:23	288	BEQ R5, R0, #28

Registers
R00:	0	1	3	-2	-4	8	3	0
R08:	0	0	0	0	0	0	0	0
R16:	4	0	0	0	0	0	0	0
R24:	0	0	0	0	0	0	0	0

Data
340:	-1	-2	-3	1	2	4	-4	10
372:	7	9	7	0	-1	1	-1	0
404:	0	0	0	0	0	0	0	0

--------------------
Cycle:24	292	BGTZ R5, #16

Registers
R00:	0	1	3	-2	-4	8	3	0
R08:	0	0	0	0	0	0	0	0
R16:	4	0	0	0	0	0	0	0
R24:	0	0	0	0	0	0	0	0

Data
340:	-1	-2	-3	1	2	4	-4	10
372:	7	9	7	0	-1	1	-1	0
404:	0	0	0	0	0	0	0	0

--------------------
Cycle:25	312	SLL R5, R5, #2

Registers
R00:	0	1	3	-2	-4	32	3	0
R08:	0	0	0	0	0	0	0	0
R16:	4	0	0	0	0	0	0	0
R24:	0	0	0	0	0	0	0	0

Data
340:	-1	-2	-3	1	2	4	-4	10
372:	7	9	7	0	-1	1	-1	0
404:	0	0	0	0	0	0	0	0

--------------------
Cycle:26	316	J #324

Registers
R00:	0	1	3	-2	-4	32	3	0
R08:	0	0	0	0	0	0	0	0
R16:	4	0	0	0	0	0	0	0
R24:	0	0	0	0	0	0	0	0

Data
340:	-1	-2	-3	1	2	4	-4	10
372:	7	9	7	0	-1	1	-1	0
404:	0	0	0	0	0	0	0	0

--------------------
Cycle:27	324	SW R5, 380(R16)

Registers
R00:	0	1	3	-2	-4	32	3	0
R08:	0	0	0	0	0	0	0	0
R16:	4	0	0	0	0	0	0	0
R24:	0	0	0	0	0	0	0	0

Data
340:	-1	-2	-3	1	2	4	-4	10
372:	7	9	7	32	-1	1	-1	0
404:	0	0	0	0	0	0	0	0

--------------------
Cycle:28	328	ADDI R1, R1, #1

Registers
R00:	0	2	3	-2	-4	32	3	0
R08:	0	0	0	0	0	0	0	0
R16:	4	0	0	0	0	0	0	0
R24:	0	0	0	0	0	0	0	0

Data
340:	-1	-2	-3	1	2	4	-4	10
372:	7	9	7	32	-1	1	-1	0
404:	0	0	0	0	0	0	0	0

--------------------
Cycle:29	332	J #264

Registers
R00:	0	2	3	-2	-4	32	3	0
R08:	0	0	0	0	0	0	0	0
R16:	4	0	0	0	0	0	0	0
R24:	0	0	0	0	0	0	0	0

Data
340:	-1	-2	-3	1	2	4	-4	10
372:	7	9	7	32	-1	1	-1	0
404:	0	0	0	0	0	0	0	0

--------------------
Cycle:30	264	BEQ R1, R2, #68

Registers
R00:	0	2	3	-2	-4	32	3	0
R08:	0	0	0	0	0	0	0	0
R16:	4	0	0	0	0	0	0	0
R24:	0	0	0	0	0	0	0	0

Data
340:	-1	-2	-3	1	2	4	-4	10
372:	7	9	7	32	-1	1	-1	0
404:	0	0	0	0	0	0	0	0

--------------------
Cycle:31	268	SLL R16, R1, #2

Registers
R00:	0	2	3	-2	-4	32	3	0
R08:	0	0	0	0	0	0	0	0
R16:	8	0	0	0	0	0	0	0
R24:	0	0	0	0	0	0	0	0

Data
340:	-1	-2	-3	1	2	4	-4	10
372:	7	9	7	32	-1	1	-1	0
404:	0	0	0	0	0	0	0	0

--------------------
Cycle:32	272	LW R3, 340(R16)

Registers
R00:	0	2	3	-3	-4	32	3	0
R08:	0	0	0	0	0	0	0	0
R16:	8	0	0	0	0	0	0	0
R24:	0	0	0	0	0	0	0	0

Data
340:	-1	-2	-3	1	2	4	-4	10
372:	7	9	7	32	-1	1	-1	0
404:	0	0	0	0	0	0	0	0

--------------------
Cycle:33	276	LW R4, 360(R16)

Registers
R00:	0	2	3	-3	10	32	3	0
R08:	0	0	0	0	0	0	0	0
R16:	8	0	0	0	0	0	0	0
R24:	0	0	0	0	0	0	0	0

Data
340:	-1	-2	-3	1	2	4	-4	10
372:	7	9	7	32	-1	1	-1	0
404:	0	0	0	0	0	0	0	0

--------------------
Cycle:34	280	LW R5, 380(R16)

Registers
R00:	0	2	3	-3	10	-1	3	0
R08:	0	0	0	0	0	0	0	0
R16:	8	0	0	0	0	0	0	0
R24:	0	0	0	0	0	0	0	0

Data
340:	-1	-2	-3	1	2	4	-4	10
372:	7	9	7	32	-1	1	-1	0
404:	0	0	0	0	0	0	0	0

--------------------
Cycle:35	284	MUL R5, R3, R4

Registers
R00:	0	2	3	-3	10	-30	3	0
R08:	0	0	0	0	0	0	0	0
R16:	8	0	0	0	0	0	0	0
R24:	0	0	0	0	0	0	0	0

Data
340:	-1	-2	-3	1	2	4	-4	10
372:	7	9	7	32	-1	1	-1	0
404:	0	0	0	0	0	0	0	0

--------------------
Cycle:36	288	BEQ R5, R0, #28

Registers
R00:	0	2	3	-3	10	-30	3	0
R08:	0	0	0	0	0	0	0	0
R16:	8	0	0	0	0	0	0	0
R24:	0	0	0	0	0	0	0	0

Data
340:	-1	-2	-3	1	2	4	-4	10
372:	7	9	7	32	-1	1	-1	0
404:	0	0	0	0	0	0	0	0

--------------------
Cycle:37	292	BGTZ R5, #16

Registers
R00:	0	2	3	-3	10	-30	3	0
R08:	0	0	0	0	0	0	0	0
R16:	8	0	0	0	0	0	0	0
R24:	0	0	0	0	0	0	0	0

Data
340:	-1	-2	-3	1	2	4	-4	10
372:	7	9	7	32	-1	1	-1	0
404:	0	0	0	0	0	0	0	0

--------------------
Cycle:38	296	ADD R6, R3, R4

Registers
R00:	0	2	3	-3	10	-30	7	0
R08:	0	0	0	0	0	0	0	0
R16:	8	0	0	0	0	0	0	0
R24:	0	0	0	0	0	0	0	0

Data
340:	-1	-2	-3	1	2	4	-4	10
372:	7	9	7	32	-1	1	-1	0
404:	0	0	0	0	0	0	0	0

--------------------
Cycle:39	300	SUB R5, R6, R5

Registers
R00:	0	2	3	-3	10	37	7	0
R08:	0	0	0	0	0	0	0	0
R16:	8	0	0	0	0	0	0	0
R24:	0	0	0	0	0	0	0	0

Data
340:	-1	-2	-3	1	2	4	-4	10
372:	7	9	7	32	-1	1	-1	0
404:	0	0	0	0	0	0	0	0

--------------------
Cycle:40	304	J #324

Registers
R00:	0	2	3	-3	10	37	7	0
R08:	0	0	0	0	0	0	0	0
R16:	8	0	0	0	0	0	0	0
R24:	0	0	0	0	0	0	0	0

Data
340:	-1	-2	-3	1	2	4	-4	10
372:	7	9	7	32	-1	1	-1	0
404:	0	0	0	0	0	0	0	0

--------------------
Cycle:41	324	SW R5, 380(R16)

Registers
R00:	0	2	3	-3	10	37	7	0
R08:	0	0	0	0	0	0	0	0
R16:	8	0	0	0	0	0	0	0
R24:	0	0	0	0	0	0	0	0

Data
340:	-1	-2	-3	1	2	4	-4	10
372:	7	9	7	32	37	1	-1	0
404:	0	0	0	0	0	0	0	0

--------------------
Cycle:42	328	ADDI R1, R1, #1

Registers
R00:	0	3	3	-3	10	37	7	0
R08:	0	0	0	0	0	0	0	0
R16:	8	0	0	0	0	0	0	0
R24:	0	0	0	0	0	0	0	0

Data
340:	-1	-2	-3	1	2	4	-4	10
372:	7	9	7	32	37	1	-1	0
404:	0	0	0	0	0	0	0	0

--------------------
Cycle:43	332	J #264

Registers
R00:	0	3	3	-3	10	37	7	0
R08:	0	0	0	0	0	0	0	0
R16:	8	0	0	0	0	0	0	0
R24:	0	0	0	0	0	0	0	0

Data
340:	-1	-2	-3	1	2	4	-4	10
372:	7	9	7	32	37	1	-1	0
404:	0	0	0	0	0	0	0	0

--------------------
Cycle:44	264	BEQ R1, R2, #68

Registers
R00:	0	3	3	-3	10	37	7	0
R08:	0	0	0	0	0	0	0	0
R16:	8	0	0	0	0	0	0	0
R24:	0	0	0	0	0	0	0	0

Data
340:	-1	-2	-3	1	2	4	-4	10
372:	7	9	7	32	37	1	-1	0
404:	0	0	0	0	0	0	0	0

--------------------
Cycle:45	336	BREAK

Registers
R00:	0	3	3	-3	10	37	7	0
R08:	0	0	0	0	0	0	0	0
R16:	8	0	0	0	0	0	0	0
R24:	0	0	0	0	0	0	0	0

Data
340:	-1	-2	-3	1	2	4	-4	10
372:	7	9	7	32	37	1	-1	0
404:	0	0	0	0	0	0	0	0

